[gd_scene load_steps=5 format=3 uid="uid://b4g3uav2f0004"]

[ext_resource type="MeshLibrary" uid="uid://b32tg6uwq5p1y" path="res://meshes/meshLib.tres" id="1_0wfyh"]
[ext_resource type="Script" uid="uid://c5bd020k6j8g3" path="res://scripts/world_grid.gd" id="1_o5qli"]
[ext_resource type="Shader" uid="uid://6yn3xdh4sj5n" path="res://shaders/ps1postprocessing.gdshader" id="3_sugp2"]

[sub_resource type="ShaderMaterial" id="ShaderMaterial_jyhfs"]
shader = ExtResource("3_sugp2")

[node name="main" type="Node"]

[node name="WorldGrid" type="GridMap" parent="."]
mesh_library = ExtResource("1_0wfyh")
cell_size = Vector3(1, 1, 1)
data = {
"cells": PackedInt32Array(65534, 65534, 1, 65533, 65534, 1, 65535, 65533, 1, 0, 65533, 1, 65535, 65534, 0, 65535, 65535, 0, 0, 65534, 0, 0, 65535, 0, 65535, 0, 0, 0, 0, 0)
}
script = ExtResource("1_o5qli")

[node name="Camera" type="Node3D" parent="."]

[node name="Perspective" type="Camera3D" parent="Camera"]
transform = Transform3D(0.707107, -0.5, 0.5, 0, 0.707107, 0.707107, -0.707107, -0.5, 0.5, 4, 6, 4)
fov = 40.0

[node name="TopDown" type="Camera3D" parent="Camera"]
transform = Transform3D(0.707107, -0.707107, -3.09086e-08, 0, -4.37114e-08, 1, -0.707107, -0.707107, -3.09086e-08, 0, 6, 0)
visible = false

[node name="DirectionalLight3D" type="DirectionalLight3D" parent="."]
transform = Transform3D(0.804324, -9.58829e-08, -0.594191, 0.358686, 0.797247, 0.485533, 0.473717, -0.603653, 0.641245, 0, 10, 0)

[node name="CanvasLayer" type="CanvasLayer" parent="."]

[node name="ColorRect" type="ColorRect" parent="CanvasLayer"]
material = SubResource("ShaderMaterial_jyhfs")
anchors_preset = 15
anchor_right = 1.0
anchor_bottom = 1.0
grow_horizontal = 2
grow_vertical = 2
size_flags_horizontal = 0
